(0, 0, 0),(11, 63, 63)
(0, 0, 63),(11, 63, 127)
(0, 0, 127),(11, 63, 191)
(0, 0, 191),(11, 63, 255)
(0, 63, 0),(11, 127, 63)
(0, 63, 63),(11, 127, 127)
(0, 63, 127),(11, 127, 191)
(0, 63, 191),(11, 127, 255)
(0, 127, 0),(11, 191, 63)
(0, 127, 63),(11, 191, 127)
(0, 127, 127),(11, 191, 191)
(0, 127, 191),(11, 191, 255)
(0, 191, 0),(11, 255, 63)
(0, 191, 63),(11, 255, 127)
(0, 191, 127),(11, 255, 191)
(0, 191, 191),(11, 255, 255)
(11, 0, 0),(22, 63, 63)
(11, 0, 63),(22, 63, 127)
(11, 0, 127),(22, 63, 191)
(11, 0, 191),(22, 63, 255)
(11, 63, 0),(22, 127, 63)
(11, 63, 63),(22, 127, 127)
(11, 63, 127),(22, 127, 191)
(11, 63, 191),(22, 127, 255)
(11, 127, 0),(22, 191, 63)
(11, 127, 63),(22, 191, 127)
(11, 127, 127),(22, 191, 191)
(11, 127, 191),(22, 191, 255)
(11, 191, 0),(22, 255, 63)
(11, 191, 63),(22, 255, 127)
(11, 191, 127),(22, 255, 191)
(11, 191, 191),(22, 255, 255)
(22, 0, 0),(33, 63, 63)
(22, 0, 63),(33, 63, 127)
(22, 0, 127),(33, 63, 191)
(22, 0, 191),(33, 63, 255)
(22, 63, 0),(33, 127, 63)
(22, 63, 63),(33, 127, 127)
(22, 63, 127),(33, 127, 191)
(22, 63, 191),(33, 127, 255)
(22, 127, 0),(33, 191, 63)
(22, 127, 63),(33, 191, 127)
(22, 127, 127),(33, 191, 191)
(22, 127, 191),(33, 191, 255)
(22, 191, 0),(33, 255, 63)
(22, 191, 63),(33, 255, 127)
(22, 191, 127),(33, 255, 191)
(22, 191, 191),(33, 255, 255)
(33, 0, 0),(44, 63, 63)
(33, 0, 63),(44, 63, 127)
(33, 0, 127),(44, 63, 191)
(33, 0, 191),(44, 63, 255)
(33, 63, 0),(44, 127, 63)
(33, 63, 63),(44, 127, 127)
(33, 63, 127),(44, 127, 191)
(33, 63, 191),(44, 127, 255)
(33, 127, 0),(44, 191, 63)
(33, 127, 63),(44, 191, 127)
(33, 127, 127),(44, 191, 191)
(33, 127, 191),(44, 191, 255)
(33, 191, 0),(44, 255, 63)
(33, 191, 63),(44, 255, 127)
(33, 191, 127),(44, 255, 191)
(33, 191, 191),(44, 255, 255)
(44, 0, 0),(55, 63, 63)
(44, 0, 63),(55, 63, 127)
(44, 0, 127),(55, 63, 191)
(44, 0, 191),(55, 63, 255)
(44, 63, 0),(55, 127, 63)
(44, 63, 63),(55, 127, 127)
(44, 63, 127),(55, 127, 191)
(44, 63, 191),(55, 127, 255)
(44, 127, 0),(55, 191, 63)
(44, 127, 63),(55, 191, 127)
(44, 127, 127),(55, 191, 191)
(44, 127, 191),(55, 191, 255)
(44, 191, 0),(55, 255, 63)
(44, 191, 63),(55, 255, 127)
(44, 191, 127),(55, 255, 191)
(44, 191, 191),(55, 255, 255)
(55, 0, 0),(67, 63, 63)
(55, 0, 63),(67, 63, 127)
(55, 0, 127),(67, 63, 191)
(55, 0, 191),(67, 63, 255)
(55, 63, 0),(67, 127, 63)
(55, 63, 63),(67, 127, 127)
(55, 63, 127),(67, 127, 191)
(55, 63, 191),(67, 127, 255)
(55, 127, 0),(67, 191, 63)
(55, 127, 63),(67, 191, 127)
(55, 127, 127),(67, 191, 191)
(55, 127, 191),(67, 191, 255)
(55, 191, 0),(67, 255, 63)
(55, 191, 63),(67, 255, 127)
(55, 191, 127),(67, 255, 191)
(55, 191, 191),(67, 255, 255)
(67, 0, 0),(78, 63, 63)
(67, 0, 63),(78, 63, 127)
(67, 0, 127),(78, 63, 191)
(67, 0, 191),(78, 63, 255)
(67, 63, 0),(78, 127, 63)
(67, 63, 63),(78, 127, 127)
(67, 63, 127),(78, 127, 191)
(67, 63, 191),(78, 127, 255)
(67, 127, 0),(78, 191, 63)
(67, 127, 63),(78, 191, 127)
(67, 127, 127),(78, 191, 191)
(67, 127, 191),(78, 191, 255)
(67, 191, 0),(78, 255, 63)
(67, 191, 63),(78, 255, 127)
(67, 191, 127),(78, 255, 191)
(67, 191, 191),(78, 255, 255)
(78, 0, 0),(89, 63, 63)
(78, 0, 63),(89, 63, 127)
(78, 0, 127),(89, 63, 191)
(78, 0, 191),(89, 63, 255)
(78, 63, 0),(89, 127, 63)
(78, 63, 63),(89, 127, 127)
(78, 63, 127),(89, 127, 191)
(78, 63, 191),(89, 127, 255)
(78, 127, 0),(89, 191, 63)
(78, 127, 63),(89, 191, 127)
(78, 127, 127),(89, 191, 191)
(78, 127, 191),(89, 191, 255)
(78, 191, 0),(89, 255, 63)
(78, 191, 63),(89, 255, 127)
(78, 191, 127),(89, 255, 191)
(78, 191, 191),(89, 255, 255)
(89, 0, 0),(100, 63, 63)
(89, 0, 63),(100, 63, 127)
(89, 0, 127),(100, 63, 191)
(89, 0, 191),(100, 63, 255)
(89, 63, 0),(100, 127, 63)
(89, 63, 63),(100, 127, 127)
(89, 63, 127),(100, 127, 191)
(89, 63, 191),(100, 127, 255)
(89, 127, 0),(100, 191, 63)
(89, 127, 63),(100, 191, 127)
(89, 127, 127),(100, 191, 191)
(89, 127, 191),(100, 191, 255)
(89, 191, 0),(100, 255, 63)
(89, 191, 63),(100, 255, 127)
(89, 191, 127),(100, 255, 191)
(89, 191, 191),(100, 255, 255)
(100, 0, 0),(111, 63, 63)
(100, 0, 63),(111, 63, 127)
(100, 0, 127),(111, 63, 191)
(100, 0, 191),(111, 63, 255)
(100, 63, 0),(111, 127, 63)
(100, 63, 63),(111, 127, 127)
(100, 63, 127),(111, 127, 191)
(100, 63, 191),(111, 127, 255)
(100, 127, 0),(111, 191, 63)
(100, 127, 63),(111, 191, 127)
(100, 127, 127),(111, 191, 191)
(100, 127, 191),(111, 191, 255)
(100, 191, 0),(111, 255, 63)
(100, 191, 63),(111, 255, 127)
(100, 191, 127),(111, 255, 191)
(100, 191, 191),(111, 255, 255)
(111, 0, 0),(123, 63, 63)
(111, 0, 63),(123, 63, 127)
(111, 0, 127),(123, 63, 191)
(111, 0, 191),(123, 63, 255)
(111, 63, 0),(123, 127, 63)
(111, 63, 63),(123, 127, 127)
(111, 63, 127),(123, 127, 191)
(111, 63, 191),(123, 127, 255)
(111, 127, 0),(123, 191, 63)
(111, 127, 63),(123, 191, 127)
(111, 127, 127),(123, 191, 191)
(111, 127, 191),(123, 191, 255)
(111, 191, 0),(123, 255, 63)
(111, 191, 63),(123, 255, 127)
(111, 191, 127),(123, 255, 191)
(111, 191, 191),(123, 255, 255)
(123, 0, 0),(134, 63, 63)
(123, 0, 63),(134, 63, 127)
(123, 0, 127),(134, 63, 191)
(123, 0, 191),(134, 63, 255)
(123, 63, 0),(134, 127, 63)
(123, 63, 63),(134, 127, 127)
(123, 63, 127),(134, 127, 191)
(123, 63, 191),(134, 127, 255)
(123, 127, 0),(134, 191, 63)
(123, 127, 63),(134, 191, 127)
(123, 127, 127),(134, 191, 191)
(123, 127, 191),(134, 191, 255)
(123, 191, 0),(134, 255, 63)
(123, 191, 63),(134, 255, 127)
(123, 191, 127),(134, 255, 191)
(123, 191, 191),(134, 255, 255)
(134, 0, 0),(145, 63, 63)
(134, 0, 63),(145, 63, 127)
(134, 0, 127),(145, 63, 191)
(134, 0, 191),(145, 63, 255)
(134, 63, 0),(145, 127, 63)
(134, 63, 63),(145, 127, 127)
(134, 63, 127),(145, 127, 191)
(134, 63, 191),(145, 127, 255)
(134, 127, 0),(145, 191, 63)
(134, 127, 63),(145, 191, 127)
(134, 127, 127),(145, 191, 191)
(134, 127, 191),(145, 191, 255)
(134, 191, 0),(145, 255, 63)
(134, 191, 63),(145, 255, 127)
(134, 191, 127),(145, 255, 191)
(134, 191, 191),(145, 255, 255)
(145, 0, 0),(156, 63, 63)
(145, 0, 63),(156, 63, 127)
(145, 0, 127),(156, 63, 191)
(145, 0, 191),(156, 63, 255)
(145, 63, 0),(156, 127, 63)
(145, 63, 63),(156, 127, 127)
(145, 63, 127),(156, 127, 191)
(145, 63, 191),(156, 127, 255)
(145, 127, 0),(156, 191, 63)
(145, 127, 63),(156, 191, 127)
(145, 127, 127),(156, 191, 191)
(145, 127, 191),(156, 191, 255)
(145, 191, 0),(156, 255, 63)
(145, 191, 63),(156, 255, 127)
(145, 191, 127),(156, 255, 191)
(145, 191, 191),(156, 255, 255)
(156, 0, 0),(167, 63, 63)
(156, 0, 63),(167, 63, 127)
(156, 0, 127),(167, 63, 191)
(156, 0, 191),(167, 63, 255)
(156, 63, 0),(167, 127, 63)
(156, 63, 63),(167, 127, 127)
(156, 63, 127),(167, 127, 191)
(156, 63, 191),(167, 127, 255)
(156, 127, 0),(167, 191, 63)
(156, 127, 63),(167, 191, 127)
(156, 127, 127),(167, 191, 191)
(156, 127, 191),(167, 191, 255)
(156, 191, 0),(167, 255, 63)
(156, 191, 63),(167, 255, 127)
(156, 191, 127),(167, 255, 191)
(156, 191, 191),(167, 255, 255)
(167, 0, 0),(179, 63, 63)
(167, 0, 63),(179, 63, 127)
(167, 0, 127),(179, 63, 191)
(167, 0, 191),(179, 63, 255)
(167, 63, 0),(179, 127, 63)
(167, 63, 63),(179, 127, 127)
(167, 63, 127),(179, 127, 191)
(167, 63, 191),(179, 127, 255)
(167, 127, 0),(179, 191, 63)
(167, 127, 63),(179, 191, 127)
(167, 127, 127),(179, 191, 191)
(167, 127, 191),(179, 191, 255)
(167, 191, 0),(179, 255, 63)
(167, 191, 63),(179, 255, 127)
(167, 191, 127),(179, 255, 191)
(167, 191, 191),(179, 255, 255)