0,0,0
0,0,0
2,7,79
2,7,111
2,7,143
2,7,175
2,7,207
255,255,255
0,0,0
0,0,0
2,23,79
2,23,111
2,23,143
2,23,175
2,23,207
255,255,255
0,0,0
0,0,0
2,39,79
2,39,111
2,39,143
2,39,175
2,39,207
255,255,255
0,0,0
0,0,0
2,55,79
2,55,111
2,55,143
2,55,175
2,55,207
255,255,255
0,0,0
0,0,0
2,71,79
2,71,111
2,71,143
2,71,175
2,71,207
2,71,239
0,0,0
0,0,0
2,87,79
2,87,111
2,87,143
2,87,175
2,87,207
2,87,239
0,0,0
0,0,0
2,103,79
2,103,111
2,103,143
2,103,175
2,103,207
2,103,239
0,0,0
0,0,0
2,119,79
2,119,111
2,119,143
2,119,175
2,119,207
2,119,239
0,0,0
0,0,0
2,135,79
2,135,111
2,135,143
2,135,175
2,135,207
2,135,239
0,0,0
0,0,0
2,151,79
2,151,111
2,151,143
2,151,175
2,151,207
2,151,239
0,0,0
0,0,0
2,167,79
2,167,111
2,167,143
2,167,175
2,167,207
2,167,239
0,0,0
0,0,0
2,183,79
2,183,111
2,183,143
2,183,175
2,183,207
2,183,239
0,0,0
0,0,0
2,199,79
2,199,111
2,199,143
2,199,175
2,199,207
2,199,239
0,0,0
0,0,0
2,215,79
2,215,111
2,215,143
2,215,175
2,215,207
2,215,239
0,0,0
0,0,0
2,231,79
2,231,111
2,231,143
2,231,175
2,231,207
2,231,239
0,0,0
0,0,0
2,247,79
2,247,111
2,247,143
2,247,175
2,247,207
2,247,239
0,0,0
0,0,0
8,7,79
8,7,111
8,7,143
8,7,175
8,7,207
255,255,255
0,0,0
0,0,0
8,23,79
8,23,111
8,23,143
8,23,175
8,23,207
255,255,255
0,0,0
0,0,0
8,39,79
8,39,111
8,39,143
8,39,175
8,39,207
255,255,255
0,0,0
0,0,0
8,55,79
8,55,111
8,55,143
8,55,175
8,55,207
255,255,255
0,0,0
0,0,0
8,71,79
8,71,111
8,71,143
8,71,175
8,71,207
8,71,239
0,0,0
0,0,0
8,87,79
8,87,111
8,87,143
8,87,175
8,87,207
8,87,239
0,0,0
0,0,0
8,103,79
8,103,111
8,103,143
8,103,175
8,103,207
8,103,239
0,0,0
0,0,0
8,119,79
8,119,111
8,119,143
8,119,175
8,119,207
8,119,239
0,0,0
0,0,0
8,135,79
8,135,111
8,135,143
8,135,175
8,135,207
8,135,239
0,0,0
0,0,0
8,151,79
8,151,111
8,151,143
8,151,175
8,151,207
8,151,239
0,0,0
0,0,0
8,167,79
8,167,111
8,167,143
8,167,175
8,167,207
8,167,239
0,0,0
0,0,0
8,183,79
8,183,111
8,183,143
8,183,175
8,183,207
8,183,239
0,0,0
0,0,0
8,199,79
8,199,111
8,199,143
8,199,175
8,199,207
8,199,239
0,0,0
0,0,0
8,215,79
8,215,111
8,215,143
8,215,175
8,215,207
8,215,239
0,0,0
0,0,0
8,231,79
8,231,111
8,231,143
8,231,175
8,231,207
8,231,239
0,0,0
0,0,0
8,247,79
8,247,111
8,247,143
8,247,175
8,247,207
8,247,239
0,0,0
0,0,0
13,7,79
13,7,111
13,7,143
13,7,175
13,7,207
255,255,255
0,0,0
0,0,0
13,23,79
13,23,111
13,23,143
13,23,175
13,23,207
255,255,255
0,0,0
0,0,0
13,39,79
13,39,111
13,39,143
13,39,175
13,39,207
255,255,255
0,0,0
0,0,0
13,55,79
13,55,111
13,55,143
13,55,175
13,55,207
255,255,255
0,0,0
0,0,0
13,71,79
13,71,111
13,71,143
13,71,175
13,71,207
13,71,239
0,0,0
0,0,0
13,87,79
13,87,111
13,87,143
13,87,175
13,87,207
13,87,239
0,0,0
0,0,0
13,103,79
13,103,111
13,103,143
13,103,175
13,103,207
13,103,239
0,0,0
0,0,0
13,119,79
13,119,111
13,119,143
13,119,175
13,119,207
13,119,239
0,0,0
0,0,0
13,135,79
13,135,111
13,135,143
13,135,175
13,135,207
13,135,239
0,0,0
0,0,0
13,151,79
13,151,111
13,151,143
13,151,175
13,151,207
13,151,239
0,0,0
0,0,0
13,167,79
13,167,111
13,167,143
13,167,175
13,167,207
13,167,239
0,0,0
0,0,0
13,183,79
13,183,111
13,183,143
13,183,175
13,183,207
13,183,239
0,0,0
0,0,0
13,199,79
13,199,111
13,199,143
13,199,175
13,199,207
13,199,239
0,0,0
0,0,0
13,215,79
13,215,111
13,215,143
13,215,175
13,215,207
13,215,239
0,0,0
0,0,0
13,231,79
13,231,111
13,231,143
13,231,175
13,231,207
13,231,239
0,0,0
0,0,0
13,247,79
13,247,111
13,247,143
13,247,175
13,247,207
13,247,239
0,0,0
0,0,0
19,7,79
19,7,111
19,7,143
19,7,175
19,7,207
255,255,255
0,0,0
0,0,0
19,23,79
19,23,111
19,23,143
19,23,175
19,23,207
255,255,255
0,0,0
0,0,0
19,39,79
19,39,111
19,39,143
19,39,175
19,39,207
255,255,255
0,0,0
0,0,0
19,55,79
19,55,111
19,55,143
19,55,175
19,55,207
255,255,255
0,0,0
0,0,0
19,71,79
19,71,111
19,71,143
19,71,175
19,71,207
19,71,239
0,0,0
0,0,0
19,87,79
19,87,111
19,87,143
19,87,175
19,87,207
19,87,239
0,0,0
0,0,0
19,103,79
19,103,111
19,103,143
19,103,175
19,103,207
19,103,239
0,0,0
0,0,0
19,119,79
19,119,111
19,119,143
19,119,175
19,119,207
19,119,239
0,0,0
0,0,0
19,135,79
19,135,111
19,135,143
19,135,175
19,135,207
19,135,239
0,0,0
0,0,0
19,151,79
19,151,111
19,151,143
19,151,175
19,151,207
19,151,239
0,0,0
0,0,0
19,167,79
19,167,111
19,167,143
19,167,175
19,167,207
19,167,239
0,0,0
0,0,0
19,183,79
19,183,111
19,183,143
19,183,175
19,183,207
19,183,239
0,0,0
0,0,0
19,199,79
19,199,111
19,199,143
19,199,175
19,199,207
19,199,239
0,0,0
0,0,0
19,215,79
19,215,111
19,215,143
19,215,175
19,215,207
19,215,239
0,0,0
0,0,0
19,231,79
19,231,111
19,231,143
19,231,175
19,231,207
19,231,239
0,0,0
0,0,0
19,247,79
19,247,111
19,247,143
19,247,175
19,247,207
19,247,239
0,0,0
0,0,0
25,7,79
25,7,111
25,7,143
25,7,175
25,7,207
255,255,255
0,0,0
0,0,0
25,23,79
25,23,111
25,23,143
25,23,175
25,23,207
255,255,255
0,0,0
0,0,0
25,39,79
25,39,111
25,39,143
25,39,175
25,39,207
255,255,255
0,0,0
0,0,0
25,55,79
25,55,111
25,55,143
25,55,175
25,55,207
255,255,255
0,0,0
0,0,0
25,71,79
25,71,111
25,71,143
25,71,175
25,71,207
25,71,239
0,0,0
0,0,0
25,87,79
25,87,111
25,87,143
25,87,175
25,87,207
25,87,239
0,0,0
0,0,0
25,103,79
25,103,111
25,103,143
25,103,175
25,103,207
25,103,239
0,0,0
0,0,0
25,119,79
25,119,111
25,119,143
25,119,175
25,119,207
25,119,239
0,0,0
0,0,0
25,135,79
25,135,111
25,135,143
25,135,175
25,135,207
25,135,239
0,0,0
0,0,0
25,151,79
25,151,111
25,151,143
25,151,175
25,151,207
25,151,239
0,0,0
0,0,0
25,167,79
25,167,111
25,167,143
25,167,175
25,167,207
25,167,239
0,0,0
0,0,0
25,183,79
25,183,111
25,183,143
25,183,175
25,183,207
25,183,239
0,0,0
0,0,0
25,199,79
25,199,111
25,199,143
25,199,175
25,199,207
25,199,239
0,0,0
0,0,0
25,215,79
25,215,111
25,215,143
25,215,175
25,215,207
25,215,239
0,0,0
0,0,0
25,231,79
25,231,111
25,231,143
25,231,175
25,231,207
25,231,239
0,0,0
0,0,0
25,247,79
25,247,111
25,247,143
25,247,175
25,247,207
25,247,239
0,0,0
0,0,0
30,7,79
30,7,111
30,7,143
30,7,175
30,7,207
255,255,255
0,0,0
0,0,0
30,23,79
30,23,111
30,23,143
30,23,175
30,23,207
255,255,255
0,0,0
0,0,0
30,39,79
30,39,111
30,39,143
30,39,175
30,39,207
255,255,255
0,0,0
0,0,0
30,55,79
30,55,111
30,55,143
30,55,175
30,55,207
255,255,255
0,0,0
0,0,0
30,71,79
30,71,111
30,71,143
30,71,175
30,71,207
30,71,239
0,0,0
0,0,0
30,87,79
30,87,111
30,87,143
30,87,175
30,87,207
30,87,239
0,0,0
0,0,0
30,103,79
30,103,111
30,103,143
30,103,175
30,103,207
30,103,239
0,0,0
0,0,0
30,119,79
30,119,111
30,119,143
30,119,175
30,119,207
30,119,239
0,0,0
0,0,0
30,135,79
30,135,111
30,135,143
30,135,175
30,135,207
30,135,239
0,0,0
0,0,0
30,151,79
30,151,111
30,151,143
30,151,175
30,151,207
30,151,239
0,0,0
0,0,0
30,167,79
30,167,111
30,167,143
30,167,175
30,167,207
30,167,239
0,0,0
0,0,0
30,183,79
30,183,111
30,183,143
30,183,175
30,183,207
30,183,239
0,0,0
0,0,0
30,199,79
30,199,111
30,199,143
30,199,175
30,199,207
30,199,239
0,0,0
0,0,0
30,215,79
30,215,111
30,215,143
30,215,175
30,215,207
30,215,239
0,0,0
0,0,0
30,231,79
30,231,111
30,231,143
30,231,175
30,231,207
30,231,239
0,0,0
0,0,0
30,247,79
30,247,111
30,247,143
30,247,175
30,247,207
30,247,239
0,0,0
0,0,0
36,7,79
36,7,111
36,7,143
36,7,175
36,7,207
255,255,255
0,0,0
0,0,0
36,23,79
36,23,111
36,23,143
36,23,175
36,23,207
255,255,255
0,0,0
0,0,0
36,39,79
36,39,111
36,39,143
36,39,175
36,39,207
255,255,255
0,0,0
0,0,0
36,55,79
36,55,111
36,55,143
36,55,175
36,55,207
255,255,255
0,0,0
0,0,0
36,71,79
36,71,111
36,71,143
36,71,175
36,71,207
36,71,239
0,0,0
0,0,0
36,87,79
36,87,111
36,87,143
36,87,175
36,87,207
36,87,239
0,0,0
0,0,0
36,103,79
36,103,111
36,103,143
36,103,175
36,103,207
36,103,239
0,0,0
0,0,0
36,119,79
36,119,111
36,119,143
36,119,175
36,119,207
36,119,239
0,0,0
0,0,0
36,135,79
36,135,111
36,135,143
36,135,175
36,135,207
36,135,239
0,0,0
0,0,0
36,151,79
36,151,111
36,151,143
36,151,175
36,151,207
36,151,239
0,0,0
0,0,0
36,167,79
36,167,111
36,167,143
36,167,175
36,167,207
36,167,239
0,0,0
0,0,0
36,183,79
36,183,111
36,183,143
36,183,175
36,183,207
36,183,239
0,0,0
0,0,0
36,199,79
36,199,111
36,199,143
36,199,175
36,199,207
36,199,239
0,0,0
0,0,0
36,215,79
36,215,111
36,215,143
36,215,175
36,215,207
36,215,239
0,0,0
0,0,0
36,231,79
36,231,111
36,231,143
36,231,175
36,231,207
36,231,239
0,0,0
0,0,0
36,247,79
36,247,111
36,247,143
36,247,175
36,247,207
36,247,239
0,0,0
0,0,0
41,7,79
41,7,111
41,7,143
41,7,175
41,7,207
255,255,255
0,0,0
0,0,0
41,23,79
41,23,111
41,23,143
41,23,175
41,23,207
255,255,255
0,0,0
0,0,0
41,39,79
41,39,111
41,39,143
41,39,175
41,39,207
255,255,255
0,0,0
0,0,0
41,55,79
41,55,111
41,55,143
41,55,175
41,55,207
255,255,255
0,0,0
0,0,0
41,71,79
41,71,111
41,71,143
41,71,175
41,71,207
41,71,239
0,0,0
0,0,0
41,87,79
41,87,111
41,87,143
41,87,175
41,87,207
41,87,239
0,0,0
0,0,0
41,103,79
41,103,111
41,103,143
41,103,175
41,103,207
41,103,239
0,0,0
0,0,0
41,119,79
41,119,111
41,119,143
41,119,175
41,119,207
41,119,239
0,0,0
0,0,0
41,135,79
41,135,111
41,135,143
41,135,175
41,135,207
41,135,239
0,0,0
0,0,0
41,151,79
41,151,111
41,151,143
41,151,175
41,151,207
41,151,239
0,0,0
0,0,0
41,167,79
41,167,111
41,167,143
41,167,175
41,167,207
41,167,239
0,0,0
0,0,0
41,183,79
41,183,111
41,183,143
41,183,175
41,183,207
41,183,239
0,0,0
0,0,0
41,199,79
41,199,111
41,199,143
41,199,175
41,199,207
41,199,239
0,0,0
0,0,0
41,215,79
41,215,111
41,215,143
41,215,175
41,215,207
41,215,239
0,0,0
0,0,0
41,231,79
41,231,111
41,231,143
41,231,175
41,231,207
41,231,239
0,0,0
0,0,0
41,247,79
41,247,111
41,247,143
41,247,175
41,247,207
41,247,239
0,0,0
0,0,0
47,7,79
47,7,111
47,7,143
47,7,175
47,7,207
255,255,255
0,0,0
0,0,0
47,23,79
47,23,111
47,23,143
47,23,175
47,23,207
255,255,255
0,0,0
0,0,0
47,39,79
47,39,111
47,39,143
47,39,175
47,39,207
255,255,255
0,0,0
0,0,0
47,55,79
47,55,111
47,55,143
47,55,175
47,55,207
255,255,255
0,0,0
0,0,0
47,71,79
47,71,111
47,71,143
47,71,175
47,71,207
47,71,239
0,0,0
0,0,0
47,87,79
47,87,111
47,87,143
47,87,175
47,87,207
47,87,239
0,0,0
0,0,0
47,103,79
47,103,111
47,103,143
47,103,175
47,103,207
47,103,239
0,0,0
0,0,0
47,119,79
47,119,111
47,119,143
47,119,175
47,119,207
47,119,239
0,0,0
0,0,0
47,135,79
47,135,111
47,135,143
47,135,175
47,135,207
47,135,239
0,0,0
0,0,0
47,151,79
47,151,111
47,151,143
47,151,175
47,151,207
47,151,239
0,0,0
0,0,0
47,167,79
47,167,111
47,167,143
47,167,175
47,167,207
47,167,239
0,0,0
0,0,0
47,183,79
47,183,111
47,183,143
47,183,175
47,183,207
47,183,239
0,0,0
0,0,0
47,199,79
47,199,111
47,199,143
47,199,175
47,199,207
47,199,239
0,0,0
0,0,0
47,215,79
47,215,111
47,215,143
47,215,175
47,215,207
47,215,239
0,0,0
0,0,0
47,231,79
47,231,111
47,231,143
47,231,175
47,231,207
47,231,239
0,0,0
0,0,0
47,247,79
47,247,111
47,247,143
47,247,175
47,247,207
47,247,239
0,0,0
0,0,0
53,7,79
53,7,111
53,7,143
53,7,175
53,7,207
255,255,255
0,0,0
0,0,0
53,23,79
53,23,111
53,23,143
53,23,175
53,23,207
255,255,255
0,0,0
0,0,0
53,39,79
53,39,111
53,39,143
53,39,175
53,39,207
255,255,255
0,0,0
0,0,0
53,55,79
53,55,111
53,55,143
53,55,175
53,55,207
255,255,255
0,0,0
0,0,0
53,71,79
53,71,111
53,71,143
53,71,175
53,71,207
53,71,239
0,0,0
0,0,0
53,87,79
53,87,111
53,87,143
53,87,175
53,87,207
53,87,239
0,0,0
0,0,0
53,103,79
53,103,111
53,103,143
53,103,175
53,103,207
53,103,239
0,0,0
0,0,0
53,119,79
53,119,111
53,119,143
53,119,175
53,119,207
53,119,239
0,0,0
0,0,0
53,135,79
53,135,111
53,135,143
53,135,175
53,135,207
53,135,239
0,0,0
0,0,0
53,151,79
53,151,111
53,151,143
53,151,175
53,151,207
53,151,239
0,0,0
0,0,0
53,167,79
53,167,111
53,167,143
53,167,175
53,167,207
53,167,239
0,0,0
0,0,0
53,183,79
53,183,111
53,183,143
53,183,175
53,183,207
53,183,239
0,0,0
0,0,0
53,199,79
53,199,111
53,199,143
53,199,175
53,199,207
53,199,239
0,0,0
0,0,0
53,215,79
53,215,111
53,215,143
53,215,175
53,215,207
53,215,239
0,0,0
0,0,0
53,231,79
53,231,111
53,231,143
53,231,175
53,231,207
53,231,239
0,0,0
0,0,0
53,247,79
53,247,111
53,247,143
53,247,175
53,247,207
53,247,239
0,0,0
0,0,0
58,7,79
58,7,111
58,7,143
58,7,175
58,7,207
255,255,255
0,0,0
0,0,0
58,23,79
58,23,111
58,23,143
58,23,175
58,23,207
255,255,255
0,0,0
0,0,0
58,39,79
58,39,111
58,39,143
58,39,175
58,39,207
255,255,255
0,0,0
0,0,0
58,55,79
58,55,111
58,55,143
58,55,175
58,55,207
255,255,255
0,0,0
0,0,0
58,71,79
58,71,111
58,71,143
58,71,175
58,71,207
58,71,239
0,0,0
0,0,0
58,87,79
58,87,111
58,87,143
58,87,175
58,87,207
58,87,239
0,0,0
0,0,0
58,103,79
58,103,111
58,103,143
58,103,175
58,103,207
58,103,239
0,0,0
0,0,0
58,119,79
58,119,111
58,119,143
58,119,175
58,119,207
58,119,239
0,0,0
0,0,0
58,135,79
58,135,111
58,135,143
58,135,175
58,135,207
58,135,239
0,0,0
0,0,0
58,151,79
58,151,111
58,151,143
58,151,175
58,151,207
58,151,239
0,0,0
0,0,0
58,167,79
58,167,111
58,167,143
58,167,175
58,167,207
58,167,239
0,0,0
0,0,0
58,183,79
58,183,111
58,183,143
58,183,175
58,183,207
58,183,239
0,0,0
0,0,0
58,199,79
58,199,111
58,199,143
58,199,175
58,199,207
58,199,239
0,0,0
0,0,0
58,215,79
58,215,111
58,215,143
58,215,175
58,215,207
58,215,239
0,0,0
0,0,0
58,231,79
58,231,111
58,231,143
58,231,175
58,231,207
58,231,239
0,0,0
0,0,0
58,247,79
58,247,111
58,247,143
58,247,175
58,247,207
58,247,239
0,0,0
0,0,0
64,7,79
64,7,111
64,7,143
64,7,175
64,7,207
255,255,255
0,0,0
0,0,0
64,23,79
64,23,111
64,23,143
64,23,175
64,23,207
255,255,255
0,0,0
0,0,0
64,39,79
64,39,111
64,39,143
64,39,175
64,39,207
255,255,255
0,0,0
0,0,0
64,55,79
64,55,111
64,55,143
64,55,175
64,55,207
255,255,255
0,0,0
0,0,0
64,71,79
64,71,111
64,71,143
64,71,175
64,71,207
64,71,239
0,0,0
0,0,0
64,87,79
64,87,111
64,87,143
64,87,175
64,87,207
64,87,239
0,0,0
0,0,0
64,103,79
64,103,111
64,103,143
64,103,175
64,103,207
64,103,239
0,0,0
0,0,0
64,119,79
64,119,111
64,119,143
64,119,175
64,119,207
64,119,239
0,0,0
0,0,0
64,135,79
64,135,111
64,135,143
64,135,175
64,135,207
64,135,239
0,0,0
0,0,0
64,151,79
64,151,111
64,151,143
64,151,175
64,151,207
64,151,239
0,0,0
0,0,0
64,167,79
64,167,111
64,167,143
64,167,175
64,167,207
64,167,239
0,0,0
0,0,0
64,183,79
64,183,111
64,183,143
64,183,175
64,183,207
64,183,239
0,0,0
0,0,0
64,199,79
64,199,111
64,199,143
64,199,175
64,199,207
64,199,239
0,0,0
0,0,0
64,215,79
64,215,111
64,215,143
64,215,175
64,215,207
64,215,239
0,0,0
0,0,0
64,231,79
64,231,111
64,231,143
64,231,175
64,231,207
64,231,239
0,0,0
0,0,0
64,247,79
64,247,111
64,247,143
64,247,175
64,247,207
64,247,239
0,0,0
0,0,0
69,7,79
69,7,111
69,7,143
69,7,175
69,7,207
255,255,255
0,0,0
0,0,0
69,23,79
69,23,111
69,23,143
69,23,175
69,23,207
255,255,255
0,0,0
0,0,0
69,39,79
69,39,111
69,39,143
69,39,175
69,39,207
255,255,255
0,0,0
0,0,0
69,55,79
69,55,111
69,55,143
69,55,175
69,55,207
255,255,255
0,0,0
0,0,0
69,71,79
69,71,111
69,71,143
69,71,175
69,71,207
69,71,239
0,0,0
0,0,0
69,87,79
69,87,111
69,87,143
69,87,175
69,87,207
69,87,239
0,0,0
0,0,0
69,103,79
69,103,111
69,103,143
69,103,175
69,103,207
69,103,239
0,0,0
0,0,0
69,119,79
69,119,111
69,119,143
69,119,175
69,119,207
69,119,239
0,0,0
0,0,0
69,135,79
69,135,111
69,135,143
69,135,175
69,135,207
69,135,239
0,0,0
0,0,0
69,151,79
69,151,111
69,151,143
69,151,175
69,151,207
69,151,239
0,0,0
0,0,0
69,167,79
69,167,111
69,167,143
69,167,175
69,167,207
69,167,239
0,0,0
0,0,0
69,183,79
69,183,111
69,183,143
69,183,175
69,183,207
69,183,239
0,0,0
0,0,0
69,199,79
69,199,111
69,199,143
69,199,175
69,199,207
69,199,239
0,0,0
0,0,0
69,215,79
69,215,111
69,215,143
69,215,175
69,215,207
69,215,239
0,0,0
0,0,0
69,231,79
69,231,111
69,231,143
69,231,175
69,231,207
69,231,239
0,0,0
0,0,0
69,247,79
69,247,111
69,247,143
69,247,175
69,247,207
69,247,239
0,0,0
0,0,0
75,7,79
75,7,111
75,7,143
75,7,175
75,7,207
255,255,255
0,0,0
0,0,0
75,23,79
75,23,111
75,23,143
75,23,175
75,23,207
255,255,255
0,0,0
0,0,0
75,39,79
75,39,111
75,39,143
75,39,175
75,39,207
255,255,255
0,0,0
0,0,0
75,55,79
75,55,111
75,55,143
75,55,175
75,55,207
255,255,255
0,0,0
0,0,0
75,71,79
75,71,111
75,71,143
75,71,175
75,71,207
75,71,239
0,0,0
0,0,0
75,87,79
75,87,111
75,87,143
75,87,175
75,87,207
75,87,239
0,0,0
0,0,0
75,103,79
75,103,111
75,103,143
75,103,175
75,103,207
75,103,239
0,0,0
0,0,0
75,119,79
75,119,111
75,119,143
75,119,175
75,119,207
75,119,239
0,0,0
0,0,0
75,135,79
75,135,111
75,135,143
75,135,175
75,135,207
75,135,239
0,0,0
0,0,0
75,151,79
75,151,111
75,151,143
75,151,175
75,151,207
75,151,239
0,0,0
0,0,0
75,167,79
75,167,111
75,167,143
75,167,175
75,167,207
75,167,239
0,0,0
0,0,0
75,183,79
75,183,111
75,183,143
75,183,175
75,183,207
75,183,239
0,0,0
0,0,0
75,199,79
75,199,111
75,199,143
75,199,175
75,199,207
75,199,239
0,0,0
0,0,0
75,215,79
75,215,111
75,215,143
75,215,175
75,215,207
75,215,239
0,0,0
0,0,0
75,231,79
75,231,111
75,231,143
75,231,175
75,231,207
75,231,239
0,0,0
0,0,0
75,247,79
75,247,111
75,247,143
75,247,175
75,247,207
75,247,239
0,0,0
0,0,0
81,7,79
81,7,111
81,7,143
81,7,175
81,7,207
255,255,255
0,0,0
0,0,0
81,23,79
81,23,111
81,23,143
81,23,175
81,23,207
255,255,255
0,0,0
0,0,0
81,39,79
81,39,111
81,39,143
81,39,175
81,39,207
255,255,255
0,0,0
0,0,0
81,55,79
81,55,111
81,55,143
81,55,175
81,55,207
255,255,255
0,0,0
0,0,0
81,71,79
81,71,111
81,71,143
81,71,175
81,71,207
81,71,239
0,0,0
0,0,0
81,87,79
81,87,111
81,87,143
81,87,175
81,87,207
81,87,239
0,0,0
0,0,0
81,103,79
81,103,111
81,103,143
81,103,175
81,103,207
81,103,239
0,0,0
0,0,0
81,119,79
81,119,111
81,119,143
81,119,175
81,119,207
81,119,239
0,0,0
0,0,0
81,135,79
81,135,111
81,135,143
81,135,175
81,135,207
81,135,239
0,0,0
0,0,0
81,151,79
81,151,111
81,151,143
81,151,175
81,151,207
81,151,239
0,0,0
0,0,0
81,167,79
81,167,111
81,167,143
81,167,175
81,167,207
81,167,239
0,0,0
0,0,0
81,183,79
81,183,111
81,183,143
81,183,175
81,183,207
81,183,239
0,0,0
0,0,0
81,199,79
81,199,111
81,199,143
81,199,175
81,199,207
81,199,239
0,0,0
0,0,0
81,215,79
81,215,111
81,215,143
81,215,175
81,215,207
81,215,239
0,0,0
0,0,0
81,231,79
81,231,111
81,231,143
81,231,175
81,231,207
81,231,239
0,0,0
0,0,0
81,247,79
81,247,111
81,247,143
81,247,175
81,247,207
81,247,239
0,0,0
0,0,0
86,7,79
86,7,111
86,7,143
86,7,175
86,7,207
255,255,255
0,0,0
0,0,0
86,23,79
86,23,111
86,23,143
86,23,175
86,23,207
255,255,255
0,0,0
0,0,0
86,39,79
86,39,111
86,39,143
86,39,175
86,39,207
255,255,255
0,0,0
0,0,0
86,55,79
86,55,111
86,55,143
86,55,175
86,55,207
255,255,255
0,0,0
0,0,0
86,71,79
86,71,111
86,71,143
86,71,175
86,71,207
86,71,239
0,0,0
0,0,0
86,87,79
86,87,111
86,87,143
86,87,175
86,87,207
86,87,239
0,0,0
0,0,0
86,103,79
86,103,111
86,103,143
86,103,175
86,103,207
86,103,239
0,0,0
0,0,0
86,119,79
86,119,111
86,119,143
86,119,175
86,119,207
86,119,239
0,0,0
0,0,0
86,135,79
86,135,111
86,135,143
86,135,175
86,135,207
86,135,239
0,0,0
0,0,0
86,151,79
86,151,111
86,151,143
86,151,175
86,151,207
86,151,239
0,0,0
0,0,0
86,167,79
86,167,111
86,167,143
86,167,175
86,167,207
86,167,239
0,0,0
0,0,0
86,183,79
86,183,111
86,183,143
86,183,175
86,183,207
86,183,239
0,0,0
0,0,0
86,199,79
86,199,111
86,199,143
86,199,175
86,199,207
86,199,239
0,0,0
0,0,0
86,215,79
86,215,111
86,215,143
86,215,175
86,215,207
86,215,239
0,0,0
0,0,0
86,231,79
86,231,111
86,231,143
86,231,175
86,231,207
86,231,239
0,0,0
0,0,0
86,247,79
86,247,111
86,247,143
86,247,175
86,247,207
86,247,239
0,0,0
0,0,0
92,7,79
92,7,111
92,7,143
92,7,175
92,7,207
255,255,255
0,0,0
0,0,0
92,23,79
92,23,111
92,23,143
92,23,175
92,23,207
255,255,255
0,0,0
0,0,0
92,39,79
92,39,111
92,39,143
92,39,175
92,39,207
255,255,255
0,0,0
0,0,0
92,55,79
92,55,111
92,55,143
92,55,175
92,55,207
255,255,255
0,0,0
0,0,0
92,71,79
92,71,111
92,71,143
92,71,175
92,71,207
92,71,239
0,0,0
0,0,0
92,87,79
92,87,111
92,87,143
92,87,175
92,87,207
92,87,239
0,0,0
0,0,0
92,103,79
92,103,111
92,103,143
92,103,175
92,103,207
92,103,239
0,0,0
0,0,0
92,119,79
92,119,111
92,119,143
92,119,175
92,119,207
92,119,239
0,0,0
0,0,0
92,135,79
92,135,111
92,135,143
92,135,175
92,135,207
92,135,239
0,0,0
0,0,0
92,151,79
92,151,111
92,151,143
92,151,175
92,151,207
92,151,239
0,0,0
0,0,0
92,167,79
92,167,111
92,167,143
92,167,175
92,167,207
92,167,239
0,0,0
0,0,0
92,183,79
92,183,111
92,183,143
92,183,175
92,183,207
92,183,239
0,0,0
0,0,0
92,199,79
92,199,111
92,199,143
92,199,175
92,199,207
92,199,239
0,0,0
0,0,0
92,215,79
92,215,111
92,215,143
92,215,175
92,215,207
92,215,239
0,0,0
0,0,0
92,231,79
92,231,111
92,231,143
92,231,175
92,231,207
92,231,239
0,0,0
0,0,0
92,247,79
92,247,111
92,247,143
92,247,175
92,247,207
92,247,239
0,0,0
0,0,0
97,7,79
97,7,111
97,7,143
97,7,175
97,7,207
255,255,255
0,0,0
0,0,0
97,23,79
97,23,111
97,23,143
97,23,175
97,23,207
255,255,255
0,0,0
0,0,0
97,39,79
97,39,111
97,39,143
97,39,175
97,39,207
255,255,255
0,0,0
0,0,0
97,55,79
97,55,111
97,55,143
97,55,175
97,55,207
255,255,255
0,0,0
0,0,0
97,71,79
97,71,111
97,71,143
97,71,175
97,71,207
97,71,239
0,0,0
0,0,0
97,87,79
97,87,111
97,87,143
97,87,175
97,87,207
97,87,239
0,0,0
0,0,0
97,103,79
97,103,111
97,103,143
97,103,175
97,103,207
97,103,239
0,0,0
0,0,0
97,119,79
97,119,111
97,119,143
97,119,175
97,119,207
97,119,239
0,0,0
0,0,0
97,135,79
97,135,111
97,135,143
97,135,175
97,135,207
97,135,239
0,0,0
0,0,0
97,151,79
97,151,111
97,151,143
97,151,175
97,151,207
97,151,239
0,0,0
0,0,0
97,167,79
97,167,111
97,167,143
97,167,175
97,167,207
97,167,239
0,0,0
0,0,0
97,183,79
97,183,111
97,183,143
97,183,175
97,183,207
97,183,239
0,0,0
0,0,0
97,199,79
97,199,111
97,199,143
97,199,175
97,199,207
97,199,239
0,0,0
0,0,0
97,215,79
97,215,111
97,215,143
97,215,175
97,215,207
97,215,239
0,0,0
0,0,0
97,231,79
97,231,111
97,231,143
97,231,175
97,231,207
97,231,239
0,0,0
0,0,0
97,247,79
97,247,111
97,247,143
97,247,175
97,247,207
97,247,239
0,0,0
0,0,0
103,7,79
103,7,111
103,7,143
103,7,175
103,7,207
255,255,255
0,0,0
0,0,0
103,23,79
103,23,111
103,23,143
103,23,175
103,23,207
255,255,255
0,0,0
0,0,0
103,39,79
103,39,111
103,39,143
103,39,175
103,39,207
255,255,255
0,0,0
0,0,0
103,55,79
103,55,111
103,55,143
103,55,175
103,55,207
255,255,255
0,0,0
0,0,0
103,71,79
103,71,111
103,71,143
103,71,175
103,71,207
103,71,239
0,0,0
0,0,0
103,87,79
103,87,111
103,87,143
103,87,175
103,87,207
103,87,239
0,0,0
0,0,0
103,103,79
103,103,111
103,103,143
103,103,175
103,103,207
103,103,239
0,0,0
0,0,0
103,119,79
103,119,111
103,119,143
103,119,175
103,119,207
103,119,239
0,0,0
0,0,0
103,135,79
103,135,111
103,135,143
103,135,175
103,135,207
103,135,239
0,0,0
0,0,0
103,151,79
103,151,111
103,151,143
103,151,175
103,151,207
103,151,239
0,0,0
0,0,0
103,167,79
103,167,111
103,167,143
103,167,175
103,167,207
103,167,239
0,0,0
0,0,0
103,183,79
103,183,111
103,183,143
103,183,175
103,183,207
103,183,239
0,0,0
0,0,0
103,199,79
103,199,111
103,199,143
103,199,175
103,199,207
103,199,239
0,0,0
0,0,0
103,215,79
103,215,111
103,215,143
103,215,175
103,215,207
103,215,239
0,0,0
0,0,0
103,231,79
103,231,111
103,231,143
103,231,175
103,231,207
103,231,239
0,0,0
0,0,0
103,247,79
103,247,111
103,247,143
103,247,175
103,247,207
103,247,239
0,0,0
0,0,0
109,7,79
109,7,111
109,7,143
109,7,175
109,7,207
255,255,255
0,0,0
0,0,0
109,23,79
109,23,111
109,23,143
109,23,175
109,23,207
255,255,255
0,0,0
0,0,0
109,39,79
109,39,111
109,39,143
109,39,175
109,39,207
255,255,255
0,0,0
0,0,0
109,55,79
109,55,111
109,55,143
109,55,175
109,55,207
255,255,255
0,0,0
0,0,0
109,71,79
109,71,111
109,71,143
109,71,175
109,71,207
109,71,239
0,0,0
0,0,0
109,87,79
109,87,111
109,87,143
109,87,175
109,87,207
109,87,239
0,0,0
0,0,0
109,103,79
109,103,111
109,103,143
109,103,175
109,103,207
109,103,239
0,0,0
0,0,0
109,119,79
109,119,111
109,119,143
109,119,175
109,119,207
109,119,239
0,0,0
0,0,0
109,135,79
109,135,111
109,135,143
109,135,175
109,135,207
109,135,239
0,0,0
0,0,0
109,151,79
109,151,111
109,151,143
109,151,175
109,151,207
109,151,239
0,0,0
0,0,0
109,167,79
109,167,111
109,167,143
109,167,175
109,167,207
109,167,239
0,0,0
0,0,0
109,183,79
109,183,111
109,183,143
109,183,175
109,183,207
109,183,239
0,0,0
0,0,0
109,199,79
109,199,111
109,199,143
109,199,175
109,199,207
109,199,239
0,0,0
0,0,0
109,215,79
109,215,111
109,215,143
109,215,175
109,215,207
109,215,239
0,0,0
0,0,0
109,231,79
109,231,111
109,231,143
109,231,175
109,231,207
109,231,239
0,0,0
0,0,0
109,247,79
109,247,111
109,247,143
109,247,175
109,247,207
109,247,239
0,0,0
0,0,0
114,7,79
114,7,111
114,7,143
114,7,175
114,7,207
255,255,255
0,0,0
0,0,0
114,23,79
114,23,111
114,23,143
114,23,175
114,23,207
255,255,255
0,0,0
0,0,0
114,39,79
114,39,111
114,39,143
114,39,175
114,39,207
255,255,255
0,0,0
0,0,0
114,55,79
114,55,111
114,55,143
114,55,175
114,55,207
255,255,255
0,0,0
0,0,0
114,71,79
114,71,111
114,71,143
114,71,175
114,71,207
114,71,239
0,0,0
0,0,0
114,87,79
114,87,111
114,87,143
114,87,175
114,87,207
114,87,239
0,0,0
0,0,0
114,103,79
114,103,111
114,103,143
114,103,175
114,103,207
114,103,239
0,0,0
0,0,0
114,119,79
114,119,111
114,119,143
114,119,175
114,119,207
114,119,239
0,0,0
0,0,0
114,135,79
114,135,111
114,135,143
114,135,175
114,135,207
114,135,239
0,0,0
0,0,0
114,151,79
114,151,111
114,151,143
114,151,175
114,151,207
114,151,239
0,0,0
0,0,0
114,167,79
114,167,111
114,167,143
114,167,175
114,167,207
114,167,239
0,0,0
0,0,0
114,183,79
114,183,111
114,183,143
114,183,175
114,183,207
114,183,239
0,0,0
0,0,0
114,199,79
114,199,111
114,199,143
114,199,175
114,199,207
114,199,239
0,0,0
0,0,0
114,215,79
114,215,111
114,215,143
114,215,175
114,215,207
114,215,239
0,0,0
0,0,0
114,231,79
114,231,111
114,231,143
114,231,175
114,231,207
114,231,239
0,0,0
0,0,0
114,247,79
114,247,111
114,247,143
114,247,175
114,247,207
114,247,239
0,0,0
0,0,0
120,7,79
120,7,111
120,7,143
120,7,175
120,7,207
255,255,255
0,0,0
0,0,0
120,23,79
120,23,111
120,23,143
120,23,175
120,23,207
255,255,255
0,0,0
0,0,0
120,39,79
120,39,111
120,39,143
120,39,175
120,39,207
255,255,255
0,0,0
0,0,0
120,55,79
120,55,111
120,55,143
120,55,175
120,55,207
255,255,255
0,0,0
0,0,0
120,71,79
120,71,111
120,71,143
120,71,175
120,71,207
120,71,239
0,0,0
0,0,0
120,87,79
120,87,111
120,87,143
120,87,175
120,87,207
120,87,239
0,0,0
0,0,0
120,103,79
120,103,111
120,103,143
120,103,175
120,103,207
120,103,239
0,0,0
0,0,0
120,119,79
120,119,111
120,119,143
120,119,175
120,119,207
120,119,239
0,0,0
0,0,0
120,135,79
120,135,111
120,135,143
120,135,175
120,135,207
120,135,239
0,0,0
0,0,0
120,151,79
120,151,111
120,151,143
120,151,175
120,151,207
120,151,239
0,0,0
0,0,0
120,167,79
120,167,111
120,167,143
120,167,175
120,167,207
120,167,239
0,0,0
0,0,0
120,183,79
120,183,111
120,183,143
120,183,175
120,183,207
120,183,239
0,0,0
0,0,0
120,199,79
120,199,111
120,199,143
120,199,175
120,199,207
120,199,239
0,0,0
0,0,0
120,215,79
120,215,111
120,215,143
120,215,175
120,215,207
120,215,239
0,0,0
0,0,0
120,231,79
120,231,111
120,231,143
120,231,175
120,231,207
120,231,239
0,0,0
0,0,0
120,247,79
120,247,111
120,247,143
120,247,175
120,247,207
120,247,239
0,0,0
0,0,0
125,7,79
125,7,111
125,7,143
125,7,175
125,7,207
255,255,255
0,0,0
0,0,0
125,23,79
125,23,111
125,23,143
125,23,175
125,23,207
255,255,255
0,0,0
0,0,0
125,39,79
125,39,111
125,39,143
125,39,175
125,39,207
255,255,255
0,0,0
0,0,0
125,55,79
125,55,111
125,55,143
125,55,175
125,55,207
255,255,255
0,0,0
0,0,0
125,71,79
125,71,111
125,71,143
125,71,175
125,71,207
125,71,239
0,0,0
0,0,0
125,87,79
125,87,111
125,87,143
125,87,175
125,87,207
125,87,239
0,0,0
0,0,0
125,103,79
125,103,111
125,103,143
125,103,175
125,103,207
125,103,239
0,0,0
0,0,0
125,119,79
125,119,111
125,119,143
125,119,175
125,119,207
125,119,239
0,0,0
0,0,0
125,135,79
125,135,111
125,135,143
125,135,175
125,135,207
125,135,239
0,0,0
0,0,0
125,151,79
125,151,111
125,151,143
125,151,175
125,151,207
125,151,239
0,0,0
0,0,0
125,167,79
125,167,111
125,167,143
125,167,175
125,167,207
125,167,239
0,0,0
0,0,0
125,183,79
125,183,111
125,183,143
125,183,175
125,183,207
125,183,239
0,0,0
0,0,0
125,199,79
125,199,111
125,199,143
125,199,175
125,199,207
125,199,239
0,0,0
0,0,0
125,215,79
125,215,111
125,215,143
125,215,175
125,215,207
125,215,239
0,0,0
0,0,0
125,231,79
125,231,111
125,231,143
125,231,175
125,231,207
125,231,239
0,0,0
0,0,0
125,247,79
125,247,111
125,247,143
125,247,175
125,247,207
125,247,239
0,0,0
0,0,0
131,7,79
131,7,111
131,7,143
131,7,175
131,7,207
255,255,255
0,0,0
0,0,0
131,23,79
131,23,111
131,23,143
131,23,175
131,23,207
255,255,255
0,0,0
0,0,0
131,39,79
131,39,111
131,39,143
131,39,175
131,39,207
255,255,255
0,0,0
0,0,0
131,55,79
131,55,111
131,55,143
131,55,175
131,55,207
255,255,255
0,0,0
0,0,0
131,71,79
131,71,111
131,71,143
131,71,175
131,71,207
131,71,239
0,0,0
0,0,0
131,87,79
131,87,111
131,87,143
131,87,175
131,87,207
131,87,239
0,0,0
0,0,0
131,103,79
131,103,111
131,103,143
131,103,175
131,103,207
131,103,239
0,0,0
0,0,0
131,119,79
131,119,111
131,119,143
131,119,175
131,119,207
131,119,239
0,0,0
0,0,0
131,135,79
131,135,111
131,135,143
131,135,175
131,135,207
131,135,239
0,0,0
0,0,0
131,151,79
131,151,111
131,151,143
131,151,175
131,151,207
131,151,239
0,0,0
0,0,0
131,167,79
131,167,111
131,167,143
131,167,175
131,167,207
131,167,239
0,0,0
0,0,0
131,183,79
131,183,111
131,183,143
131,183,175
131,183,207
131,183,239
0,0,0
0,0,0
131,199,79
131,199,111
131,199,143
131,199,175
131,199,207
131,199,239
0,0,0
0,0,0
131,215,79
131,215,111
131,215,143
131,215,175
131,215,207
131,215,239
0,0,0
0,0,0
131,231,79
131,231,111
131,231,143
131,231,175
131,231,207
131,231,239
0,0,0
0,0,0
131,247,79
131,247,111
131,247,143
131,247,175
131,247,207
131,247,239
0,0,0
0,0,0
137,7,79
137,7,111
137,7,143
137,7,175
137,7,207
255,255,255
0,0,0
0,0,0
137,23,79
137,23,111
137,23,143
137,23,175
137,23,207
255,255,255
0,0,0
0,0,0
137,39,79
137,39,111
137,39,143
137,39,175
137,39,207
255,255,255
0,0,0
0,0,0
137,55,79
137,55,111
137,55,143
137,55,175
137,55,207
255,255,255
0,0,0
0,0,0
137,71,79
137,71,111
137,71,143
137,71,175
137,71,207
137,71,239
0,0,0
0,0,0
137,87,79
137,87,111
137,87,143
137,87,175
137,87,207
137,87,239
0,0,0
0,0,0
137,103,79
137,103,111
137,103,143
137,103,175
137,103,207
137,103,239
0,0,0
0,0,0
137,119,79
137,119,111
137,119,143
137,119,175
137,119,207
137,119,239
0,0,0
0,0,0
137,135,79
137,135,111
137,135,143
137,135,175
137,135,207
137,135,239
0,0,0
0,0,0
137,151,79
137,151,111
137,151,143
137,151,175
137,151,207
137,151,239
0,0,0
0,0,0
137,167,79
137,167,111
137,167,143
137,167,175
137,167,207
137,167,239
0,0,0
0,0,0
137,183,79
137,183,111
137,183,143
137,183,175
137,183,207
137,183,239
0,0,0
0,0,0
137,199,79
137,199,111
137,199,143
137,199,175
137,199,207
137,199,239
0,0,0
0,0,0
137,215,79
137,215,111
137,215,143
137,215,175
137,215,207
137,215,239
0,0,0
0,0,0
137,231,79
137,231,111
137,231,143
137,231,175
137,231,207
137,231,239
0,0,0
0,0,0
137,247,79
137,247,111
137,247,143
137,247,175
137,247,207
137,247,239
0,0,0
0,0,0
142,7,79
142,7,111
142,7,143
142,7,175
142,7,207
255,255,255
0,0,0
0,0,0
142,23,79
142,23,111
142,23,143
142,23,175
142,23,207
255,255,255
0,0,0
0,0,0
142,39,79
142,39,111
142,39,143
142,39,175
142,39,207
255,255,255
0,0,0
0,0,0
142,55,79
142,55,111
142,55,143
142,55,175
142,55,207
255,255,255
0,0,0
0,0,0
142,71,79
142,71,111
142,71,143
142,71,175
142,71,207
142,71,239
0,0,0
0,0,0
142,87,79
142,87,111
142,87,143
142,87,175
142,87,207
142,87,239
0,0,0
0,0,0
142,103,79
142,103,111
142,103,143
142,103,175
142,103,207
142,103,239
0,0,0
0,0,0
142,119,79
142,119,111
142,119,143
142,119,175
142,119,207
142,119,239
0,0,0
0,0,0
142,135,79
142,135,111
142,135,143
142,135,175
142,135,207
142,135,239
0,0,0
0,0,0
142,151,79
142,151,111
142,151,143
142,151,175
142,151,207
142,151,239
0,0,0
0,0,0
142,167,79
142,167,111
142,167,143
142,167,175
142,167,207
142,167,239
0,0,0
0,0,0
142,183,79
142,183,111
142,183,143
142,183,175
142,183,207
142,183,239
0,0,0
0,0,0
142,199,79
142,199,111
142,199,143
142,199,175
142,199,207
142,199,239
0,0,0
0,0,0
142,215,79
142,215,111
142,215,143
142,215,175
142,215,207
142,215,239
0,0,0
0,0,0
142,231,79
142,231,111
142,231,143
142,231,175
142,231,207
142,231,239
0,0,0
0,0,0
142,247,79
142,247,111
142,247,143
142,247,175
142,247,207
142,247,239
0,0,0
0,0,0
148,7,79
148,7,111
148,7,143
148,7,175
148,7,207
255,255,255
0,0,0
0,0,0
148,23,79
148,23,111
148,23,143
148,23,175
148,23,207
255,255,255
0,0,0
0,0,0
148,39,79
148,39,111
148,39,143
148,39,175
148,39,207
255,255,255
0,0,0
0,0,0
148,55,79
148,55,111
148,55,143
148,55,175
148,55,207
255,255,255
0,0,0
0,0,0
148,71,79
148,71,111
148,71,143
148,71,175
148,71,207
148,71,239
0,0,0
0,0,0
148,87,79
148,87,111
148,87,143
148,87,175
148,87,207
148,87,239
0,0,0
0,0,0
148,103,79
148,103,111
148,103,143
148,103,175
148,103,207
148,103,239
0,0,0
0,0,0
148,119,79
148,119,111
148,119,143
148,119,175
148,119,207
148,119,239
0,0,0
0,0,0
148,135,79
148,135,111
148,135,143
148,135,175
148,135,207
148,135,239
0,0,0
0,0,0
148,151,79
148,151,111
148,151,143
148,151,175
148,151,207
148,151,239
0,0,0
0,0,0
148,167,79
148,167,111
148,167,143
148,167,175
148,167,207
148,167,239
0,0,0
0,0,0
148,183,79
148,183,111
148,183,143
148,183,175
148,183,207
148,183,239
0,0,0
0,0,0
148,199,79
148,199,111
148,199,143
148,199,175
148,199,207
148,199,239
0,0,0
0,0,0
148,215,79
148,215,111
148,215,143
148,215,175
148,215,207
148,215,239
0,0,0
0,0,0
148,231,79
148,231,111
148,231,143
148,231,175
148,231,207
148,231,239
0,0,0
0,0,0
148,247,79
148,247,111
148,247,143
148,247,175
148,247,207
148,247,239
0,0,0
0,0,0
153,7,79
153,7,111
153,7,143
153,7,175
153,7,207
255,255,255
0,0,0
0,0,0
153,23,79
153,23,111
153,23,143
153,23,175
153,23,207
255,255,255
0,0,0
0,0,0
153,39,79
153,39,111
153,39,143
153,39,175
153,39,207
255,255,255
0,0,0
0,0,0
153,55,79
153,55,111
153,55,143
153,55,175
153,55,207
255,255,255
0,0,0
0,0,0
153,71,79
153,71,111
153,71,143
153,71,175
153,71,207
153,71,239
0,0,0
0,0,0
153,87,79
153,87,111
153,87,143
153,87,175
153,87,207
153,87,239
0,0,0
0,0,0
153,103,79
153,103,111
153,103,143
153,103,175
153,103,207
153,103,239
0,0,0
0,0,0
153,119,79
153,119,111
153,119,143
153,119,175
153,119,207
153,119,239
0,0,0
0,0,0
153,135,79
153,135,111
153,135,143
153,135,175
153,135,207
153,135,239
0,0,0
0,0,0
153,151,79
153,151,111
153,151,143
153,151,175
153,151,207
153,151,239
0,0,0
0,0,0
153,167,79
153,167,111
153,167,143
153,167,175
153,167,207
153,167,239
0,0,0
0,0,0
153,183,79
153,183,111
153,183,143
153,183,175
153,183,207
153,183,239
0,0,0
0,0,0
153,199,79
153,199,111
153,199,143
153,199,175
153,199,207
153,199,239
0,0,0
0,0,0
153,215,79
153,215,111
153,215,143
153,215,175
153,215,207
153,215,239
0,0,0
0,0,0
153,231,79
153,231,111
153,231,143
153,231,175
153,231,207
153,231,239
0,0,0
0,0,0
153,247,79
153,247,111
153,247,143
153,247,175
153,247,207
153,247,239
0,0,0
0,0,0
159,7,79
159,7,111
159,7,143
159,7,175
159,7,207
255,255,255
0,0,0
0,0,0
159,23,79
159,23,111
159,23,143
159,23,175
159,23,207
255,255,255
0,0,0
0,0,0
159,39,79
159,39,111
159,39,143
159,39,175
159,39,207
255,255,255
0,0,0
0,0,0
159,55,79
159,55,111
159,55,143
159,55,175
159,55,207
255,255,255
0,0,0
0,0,0
159,71,79
159,71,111
159,71,143
159,71,175
159,71,207
159,71,239
0,0,0
0,0,0
159,87,79
159,87,111
159,87,143
159,87,175
159,87,207
159,87,239
0,0,0
0,0,0
159,103,79
159,103,111
159,103,143
159,103,175
159,103,207
159,103,239
0,0,0
0,0,0
159,119,79
159,119,111
159,119,143
159,119,175
159,119,207
159,119,239
0,0,0
0,0,0
159,135,79
159,135,111
159,135,143
159,135,175
159,135,207
159,135,239
0,0,0
0,0,0
159,151,79
159,151,111
159,151,143
159,151,175
159,151,207
159,151,239
0,0,0
0,0,0
159,167,79
159,167,111
159,167,143
159,167,175
159,167,207
159,167,239
0,0,0
0,0,0
159,183,79
159,183,111
159,183,143
159,183,175
159,183,207
159,183,239
0,0,0
0,0,0
159,199,79
159,199,111
159,199,143
159,199,175
159,199,207
159,199,239
0,0,0
0,0,0
159,215,79
159,215,111
159,215,143
159,215,175
159,215,207
159,215,239
0,0,0
0,0,0
159,231,79
159,231,111
159,231,143
159,231,175
159,231,207
159,231,239
0,0,0
0,0,0
159,247,79
159,247,111
159,247,143
159,247,175
159,247,207
159,247,239
0,0,0
0,0,0
165,7,79
165,7,111
165,7,143
165,7,175
165,7,207
255,255,255
0,0,0
0,0,0
165,23,79
165,23,111
165,23,143
165,23,175
165,23,207
255,255,255
0,0,0
0,0,0
165,39,79
165,39,111
165,39,143
165,39,175
165,39,207
255,255,255
0,0,0
0,0,0
165,55,79
165,55,111
165,55,143
165,55,175
165,55,207
255,255,255
0,0,0
0,0,0
165,71,79
165,71,111
165,71,143
165,71,175
165,71,207
165,71,239
0,0,0
0,0,0
165,87,79
165,87,111
165,87,143
165,87,175
165,87,207
165,87,239
0,0,0
0,0,0
165,103,79
165,103,111
165,103,143
165,103,175
165,103,207
165,103,239
0,0,0
0,0,0
165,119,79
165,119,111
165,119,143
165,119,175
165,119,207
165,119,239
0,0,0
0,0,0
165,135,79
165,135,111
165,135,143
165,135,175
165,135,207
165,135,239
0,0,0
0,0,0
165,151,79
165,151,111
165,151,143
165,151,175
165,151,207
165,151,239
0,0,0
0,0,0
165,167,79
165,167,111
165,167,143
165,167,175
165,167,207
165,167,239
0,0,0
0,0,0
165,183,79
165,183,111
165,183,143
165,183,175
165,183,207
165,183,239
0,0,0
0,0,0
165,199,79
165,199,111
165,199,143
165,199,175
165,199,207
165,199,239
0,0,0
0,0,0
165,215,79
165,215,111
165,215,143
165,215,175
165,215,207
165,215,239
0,0,0
0,0,0
165,231,79
165,231,111
165,231,143
165,231,175
165,231,207
165,231,239
0,0,0
0,0,0
165,247,79
165,247,111
165,247,143
165,247,175
165,247,207
165,247,239
0,0,0
0,0,0
170,7,79
170,7,111
170,7,143
170,7,175
170,7,207
255,255,255
0,0,0
0,0,0
170,23,79
170,23,111
170,23,143
170,23,175
170,23,207
255,255,255
0,0,0
0,0,0
170,39,79
170,39,111
170,39,143
170,39,175
170,39,207
255,255,255
0,0,0
0,0,0
170,55,79
170,55,111
170,55,143
170,55,175
170,55,207
255,255,255
0,0,0
0,0,0
170,71,79
170,71,111
170,71,143
170,71,175
170,71,207
170,71,239
0,0,0
0,0,0
170,87,79
170,87,111
170,87,143
170,87,175
170,87,207
170,87,239
0,0,0
0,0,0
170,103,79
170,103,111
170,103,143
170,103,175
170,103,207
170,103,239
0,0,0
0,0,0
170,119,79
170,119,111
170,119,143
170,119,175
170,119,207
170,119,239
0,0,0
0,0,0
170,135,79
170,135,111
170,135,143
170,135,175
170,135,207
170,135,239
0,0,0
0,0,0
170,151,79
170,151,111
170,151,143
170,151,175
170,151,207
170,151,239
0,0,0
0,0,0
170,167,79
170,167,111
170,167,143
170,167,175
170,167,207
170,167,239
0,0,0
0,0,0
170,183,79
170,183,111
170,183,143
170,183,175
170,183,207
170,183,239
0,0,0
0,0,0
170,199,79
170,199,111
170,199,143
170,199,175
170,199,207
170,199,239
0,0,0
0,0,0
170,215,79
170,215,111
170,215,143
170,215,175
170,215,207
170,215,239
0,0,0
0,0,0
170,231,79
170,231,111
170,231,143
170,231,175
170,231,207
170,231,239
0,0,0
0,0,0
170,247,79
170,247,111
170,247,143
170,247,175
170,247,207
170,247,239
0,0,0
0,0,0
176,7,79
176,7,111
176,7,143
176,7,175
176,7,207
255,255,255
0,0,0
0,0,0
176,23,79
176,23,111
176,23,143
176,23,175
176,23,207
255,255,255
0,0,0
0,0,0
176,39,79
176,39,111
176,39,143
176,39,175
176,39,207
255,255,255
0,0,0
0,0,0
176,55,79
176,55,111
176,55,143
176,55,175
176,55,207
255,255,255
0,0,0
0,0,0
176,71,79
176,71,111
176,71,143
176,71,175
176,71,207
176,71,239
0,0,0
0,0,0
176,87,79
176,87,111
176,87,143
176,87,175
176,87,207
176,87,239
0,0,0
0,0,0
176,103,79
176,103,111
176,103,143
176,103,175
176,103,207
176,103,239
0,0,0
0,0,0
176,119,79
176,119,111
176,119,143
176,119,175
176,119,207
176,119,239
0,0,0
0,0,0
176,135,79
176,135,111
176,135,143
176,135,175
176,135,207
176,135,239
0,0,0
0,0,0
176,151,79
176,151,111
176,151,143
176,151,175
176,151,207
176,151,239
0,0,0
0,0,0
176,167,79
176,167,111
176,167,143
176,167,175
176,167,207
176,167,239
0,0,0
0,0,0
176,183,79
176,183,111
176,183,143
176,183,175
176,183,207
176,183,239
0,0,0
0,0,0
176,199,79
176,199,111
176,199,143
176,199,175
176,199,207
176,199,239
0,0,0
0,0,0
176,215,79
176,215,111
176,215,143
176,215,175
176,215,207
176,215,239
0,0,0
0,0,0
176,231,79
176,231,111
176,231,143
176,231,175
176,231,207
176,231,239
0,0,0
0,0,0
176,247,79
176,247,111
176,247,143
176,247,175
176,247,207
176,247,239